数独识别结果 (阈值参数: 11)
============================================================

标准答案:
1 . . | 5 . 2 | 4 . 7 
. . . | 1 . 4 | 3 . 5 
. 5 . | 9 . 8 | 6 2 1 
------+-------+------
5 . . | 6 4 1 | 7 3 8 
. 1 . | 7 9 3 | 5 6 2 
3 6 7 | 8 2 5 | 1 4 9 
------+-------+------
2 4 5 | 3 8 7 | 9 1 6 
9 8 1 | 4 5 6 | 2 7 3 
. . . | 2 1 9 | 8 5 4 

============================================================
识别结果:
1 . . | 5 . 2 | 4 . 7 
. . . | 1 . 4 | 3 . 5 
. 5 . | 9 . 8 | 6 2 1 
------+-------+------
5 . . | . 4 1 | 7 3 8 
. 1 . | 7 9 3 | 5 6 2 
3 6 7 | 8 2 5 | 1 4 9 
------+-------+------
2 4 5 | . 8 7 | . 1 5 
9 . 1 | 4 5 5 | 2 7 3 
. . . | 2 1 9 | 8 5 4 

============================================================
对比结果 (✓=正确, ✗=错误):
1✓.✓.✓| 5✓.✓2✓| 4✓.✓7✓
.✓.✓.✓| 1✓.✓4✓| 3✓.✓5✓
.✓5✓.✓| 9✓.✓8✓| 6✓2✓1✓
------+-------+------
5✓.✓.✓| .✗4✓1✓| 7✓3✓8✓
.✓1✓.✓| 7✓9✓3✓| 5✓6✓2✓
3✓6✓7✓| 8✓2✓5✓| 1✓4✓9✓
------+-------+------
2✓4✓5✓| .✗8✓7✓| .✗1✓5✗
9✓.✗1✓| 4✓5✓5✗| 2✓7✓3✓
.✓.✓.✓| 2✓1✓9✓| 8✓5✓4✓

============================================================
二维数组格式:
标准答案: 
[1, 0, 0, 5, 0, 2, 4, 0, 7]
[0, 0, 0, 1, 0, 4, 3, 0, 5]
[0, 5, 0, 9, 0, 8, 6, 2, 1]
[5, 0, 0, 6, 4, 1, 7, 3, 8]
[0, 1, 0, 7, 9, 3, 5, 6, 2]
[3, 6, 7, 8, 2, 5, 1, 4, 9]
[2, 4, 5, 3, 8, 7, 9, 1, 6]
[9, 8, 1, 4, 5, 6, 2, 7, 3]
[0, 0, 0, 2, 1, 9, 8, 5, 4]

识别结果: 
[1, 0, 0, 5, 0, 2, 4, 0, 7]
[0, 0, 0, 1, 0, 4, 3, 0, 5]
[0, 5, 0, 9, 0, 8, 6, 2, 1]
[5, 0, 0, 0, 4, 1, 7, 3, 8]
[0, 1, 0, 7, 9, 3, 5, 6, 2]
[3, 6, 7, 8, 2, 5, 1, 4, 9]
[2, 4, 5, 0, 8, 7, 0, 1, 5]
[9, 0, 1, 4, 5, 5, 2, 7, 3]
[0, 0, 0, 2, 1, 9, 8, 5, 4]

============================================================
准确率统计:
总体准确率: 75/81 = 92.6%
数字识别准确率: 56/62 = 90.3%
空格识别准确率: 19/19 = 100.0%

识别统计:
识别到的数字总数: 58
应有数字总数: 62
识别完成度: 93.5%
